100,'Dimanche-01',1218,,404,15,,,0,400,,405,15,,,0,315,,406,15,,,0
100,'Fête-1-01',1218,,769,15,,,0,400,,770,15,,,0,315,,771,15,,,0
100,'Samedi-01',848,,410,15,,,0,300,,411,15,,,0,500,,412,15,,,0,300,,413,15,,,0
100,'Semaine-01',635,,775,15,,,0,79,,776,16,,,0,20,,777,15,,,0,12,,778,15,,,0,58,,774,16,,,0,15,,772,15,,,0,16,,779,16,,,0,24,,780,15,,,0,49,,773,8,,,0,294,,781,15,,,0,240,,782,15,,,0,296,,783,9,,,0,304,,784,15,,,0
101,'Dimanche-01',1340,,427,3,0,5,0,400,,428,3,0,5,0,270,,429,3,0,5,0
101,'Fête-1-01',1341,,785,3,0,5,0,400,,786,3,0,5,0,270,,787,3,0,5,0
101,'Samedi-01',941,,433,3,0,5,0,400,,434,3,0,5,0,400,,435,3,0,5,0,500,,436,3,0,5,0
101,'Semaine-01',716,,789,3,0,5,0,85,,790,3,0,8,0,206,,791,3,0,5,0,235,,792,3,0,5,0,280,,793,3,0,5,0,36,,794,3,0,5,0,75,,795,3,0,5,0,19,,788,3,,,0,60,,796,3,0,5,0,20,,797,3,,,0,20,,798,3,0,5,0,65,,799,3,,,0,25,,800,3,0,5,0,285,,801,3,0,5,0
400,'Semaine-01',624,,822,12,,,0,98,,823,12,,,0,27,,824,12,,,0,73,,825,12,,,0,20,,826,12,,,0,817,,830,12,,,0,159,,831,11,,,0,31,,834,11,,,0,153,,832,11,,,0,141,,835,11,,,0,104,,833,12,,,0
401,'Semaine-01',708,,842,3,,,0,818,,843,3,,,0,90,,844,3,,,0,30,,845,3,,,0,75,,846,3,,,0,35,,847,3,,,0,99,,848,3,,,0,90,,854,3,,,0,175,,849,3,,,0,100,,855,3,,,0,105,,850,3,,,0
500,'Semaine-01',624,,856,7,,,0,82,,857,7,,,0,22,,858,7,,,0,30,,859,7,,,0,72,,860,7,,,0,25,,861,7,,,0,65,,862,7,,,0,181,,863,7,,,0,250,,864,7,,,0
501,'Semaine-01',945,,865,3,,,0,285,,866,3,,,0,316,,867,3,,,0,60,,868,3,,,0,20,,869,3,,,0,31,,870,3,,,0,69,,871,3,,,0,80,,872,3,,,0,25,,873,3,,,0
