1,100,'Dimanche-01',404,405,406
1,100,'Fête-1-01',769,770,771
1,100,'Samedi-01',410,411,412,413
1,100,'Semaine-01',772,773,774,775,776,777,778,779,780,781,782,783,784
1,101,'Dimanche-01',427,428,429
1,101,'Fête-1-01',785,786,787
1,101,'Samedi-01',433,434,435,436
1,101,'Semaine-01',788,789,790,791,792,793,794,795,796,797,798,799,800,801
3,300,'Semaine-01',802,803,804,805,806,807,808
3,301,'Semaine-01',809,810,811,812,813,814,815
4,400,'Dimanche-01',465,466,467,468,469,470
4,400,'Fête-1-01',816,817,818,819,820,821
4,400,'Samedi-01',477,478,479,480,481,482
4,400,'Semaine-01',822,823,824,825,826,827,828,829,830,831,832,833,834,835
4,401,'Dimanche-01',497,498,499,500,501,502
4,401,'Fête-1-01',836,837,838,839,840,841
4,401,'Samedi-01',509,510,511,512,513,514
4,401,'Semaine-01',842,843,844,845,846,847,848,849,850,851,852,853,854,855
5,500,'Semaine-01',856,857,858,859,860,861,862,863,864
5,501,'Semaine-01',865,866,867,868,869,870,871,872,873
6,600,'Semaine-01',874,875,876,877,878,879,880,881
6,601,'Semaine-01',882,883,884,885,886,887,888,889
