1,100,'Dimanche-01',404,405,406
1,100,'Fête-1-01',769,770,771
1,100,'Samedi-01',410,411,412,413
1,100,'Semaine-02',890,891,892,893,894,895,896,897,898,899,900,901,902
1,101,'Dimanche-01',427,428,429
1,101,'Fête-1-01',785,786,787
1,101,'Samedi-01',433,434,435,436
1,101,'Semaine-02',903,904,905,906,907,908,909,910,911,912,913,914,915,916
3,300,'Semaine-02',917,918,919,920,921,922,923
3,301,'Semaine-02',924,925,926,927,928,929,930
4,400,'Dimanche-01',465,466,467,468,469,470
4,400,'Fête-1-01',816,817,818,819,820,821
4,400,'Samedi-01',477,478,479,480,481,482
4,400,'Semaine-02',931,932,933,934,935,936,937,938,939,940,941,942,943,944
4,401,'Dimanche-01',497,498,499,500,501,502
4,401,'Fête-1-01',836,837,838,839,840,841
4,401,'Samedi-01',509,510,511,512,513,514
4,401,'Semaine-02',945,946,947,948,949,950,951,952,953,954,955,956,957,958
5,500,'Semaine-02',959,960,961,962,963,964,965,966,967
5,501,'Semaine-02',968,969,970,971,972,973,974,975,976
6,600,'Semaine-02',977,978,979,980,981,982,983,984
6,601,'Semaine-02',985,986,987,988,989,990,991,992
