100,'Dimanche-01',1137,,404,3,,,0,400,,405,3,,,0,315,,406,3,,,0
100,'Fête-1-01',1137,,769,3,,,0,400,,770,3,,,0,315,,771,3,,,0
100,'Samedi-01',807,,410,3,,,0,300,,411,3,,,0,500,,412,3,,,0,300,,413,3,,,0
100,'Semaine-01',552,,775,3,,,0,80,,776,4,,,0,20,,777,3,,,0,50,,778,3,,,0,18,,774,4,,,0,17,,772,3,,,0,15,,779,4,,,0,65,,780,3,,,0,305,,781,3,,,0,280,,782,3,,,0,600,,784,3,,,0
100,'Semaine-02',552,,893,3,,,0,80,,894,4,,,0,20,,895,3,,,0,50,,896,3,,,0,18,,892,4,,,0,17,,890,3,,,0,15,,897,4,,,0,65,,898,3,,,0,305,,899,3,,,0,280,,900,3,,,0,600,,902,3,,,0
101,'Dimanche-01',1420,,427,15,0,5,0,400,,428,15,0,5,0,230,,429,15,0,5,0
101,'Fête-1-01',1421,,785,15,0,5,0,400,,786,15,0,5,0,230,,787,15,0,5,0
101,'Samedi-01',1021,,433,15,0,5,0,400,,434,15,0,5,0,400,,435,15,0,5,0,500,,436,15,0,5,0
101,'Semaine-01',751,,789,11,0,5,0,299,,791,15,0,5,0,275,,792,15,0,5,0,282,,793,15,0,5,0,35,,794,15,0,5,0,76,,795,15,0,5,0,20,,788,15,,,0,19,,796,15,0,5,0,61,,797,15,,,0,17,,798,15,0,5,0,65,41,799,15,,,0,25,,800,15,0,5,0,285,,801,15,0,5,0
101,'Semaine-02',751,,904,11,0,5,0,299,,906,15,0,5,0,275,,907,15,0,5,0,282,,908,15,0,5,0,35,,909,15,0,5,0,76,,910,15,0,5,0,20,,903,15,,,0,19,,911,15,0,5,0,61,,912,15,,,0,17,,913,15,0,5,0,65,41,914,15,,,0,25,,915,15,0,5,0,285,,916,15,0,5,0
