100,'Dimanche-01',1230,,404,17,4,,0,400,,405,17,4,,0,315,,406,17,4,,0
100,'Fête-1-01',1230,,769,17,4,,0,400,,770,17,4,,0,315,,771,17,4,,0
100,'Samedi-01',900,,410,17,4,,0,300,,411,17,4,,0,500,,412,17,4,,0,300,,413,17,4,,0
100,'Semaine-01',649,,775,17,4,,0,80,,776,18,4,,0,22,,777,17,4,,0,51,,778,17,4,,0,18,,774,18,4,,0,14,,772,17,4,,0,15,,779,18,4,,0,64,,780,17,4,,0,10,,773,10,4,,0,293,,781,17,4,,0,240,,782,17,4,,0,296,,783,11,4,,0,304,,784,17,4,,0
101,'Dimanche-01',1329,,427,1,0,5,0,400,,428,1,0,5,0,230,,429,1,0,5,0
101,'Fête-1-01',1330,,785,1,0,5,0,400,,786,1,0,5,0,270,,787,1,0,5,0
101,'Samedi-01',930,,433,1,0,5,0,400,,434,1,0,5,0,400,,435,1,0,5,0,500,,436,1,0,5,0
101,'Semaine-01',705,,789,1,0,5,0,45,,790,1,0,8,0,205,,791,1,0,5,0,275,,792,1,0,5,0,280,,793,1,0,5,0,35,,794,1,0,5,0,75,,795,1,0,5,0,20,,788,1,,,0,60,,796,1,0,5,0,20,,797,1,,,0,20,,798,1,0,5,0,65,,799,1,,,0,25,,800,1,0,5,0,285,,801,1,0,5,0
400,'Semaine-01',638,,822,14,4,,0,98,,823,14,4,,0,68,,824,14,4,,0,31,,825,14,4,,0,20,,826,14,4,,0,857,,830,14,4,,0,119,,831,13,4,,0,71,,834,13,4,,0,113,,832,13,4,,0,141,,835,13,4,,0,144,,833,14,4,,0
401,'Semaine-01',657,,842,1,,,0,858,,843,1,,,0,90,,844,1,,,0,30,,845,1,,,0,75,,846,1,,,0,35,,847,1,,,0,100,,848,1,,,0,90,,854,1,,,0,175,,849,1,,,0,100,,855,1,,,0,105,,850,1,,,0
500,'Semaine-01',635,,856,9,4,,0,83,,857,9,4,,0,22,,858,9,4,,0,70,,859,9,4,,0,31,,860,9,4,,0,65,,861,9,4,,0,26,,862,9,4,,0,179,,863,9,4,,0,290,,864,9,4,,0
501,'Semaine-01',935,,865,1,,,0,285,,866,1,,,0,315,,867,1,,,0,20,,868,1,,,0,60,,869,1,,,0,30,,870,1,,,0,70,,871,1,,,0,40,,872,1,,,0,65,,873,1,,,0
