100,'Dimanche-01',1218,,404,15,,,0,400,,405,15,,,0,315,,406,15,,,0
100,'Fête-1-01',1218,,769,15,,,0,400,,770,15,,,0,315,,771,15,,,0
100,'Samedi-01',848,,410,15,,,0,300,,411,15,,,0,500,,412,15,,,0,300,,413,15,,,0
100,'Semaine-02',635,,893,15,,,0,79,,894,16,,,0,20,,895,15,,,0,12,,896,15,,,0,58,,892,16,,,0,15,,890,15,,,0,16,,897,16,,,0,24,,898,15,,,0,49,,891,8,,,0,294,,899,15,,,0,240,,900,15,,,0,296,,901,9,,,0,304,,902,15,,,0
101,'Dimanche-01',1340,,427,3,0,5,0,400,,428,3,0,5,0,270,,429,3,0,5,0
101,'Fête-1-01',1341,,785,3,0,5,0,400,,786,3,0,5,0,270,,787,3,0,5,0
101,'Samedi-01',941,,433,3,0,5,0,400,,434,3,0,5,0,400,,435,3,0,5,0,500,,436,3,0,5,0
101,'Semaine-02',716,,904,3,0,5,0,85,,905,3,0,8,0,206,,906,3,0,5,0,235,,907,3,0,5,0,280,,908,3,0,5,0,36,,909,3,0,5,0,75,,910,3,0,5,0,19,,903,3,,,0,60,,911,3,0,5,0,20,,912,3,,,0,20,,913,3,0,5,0,65,,914,3,,,0,25,,915,3,0,5,0,285,,916,3,0,5,0
400,'Semaine-02',624,,931,12,,,0,98,,932,12,,,0,27,,933,12,,,0,73,,934,12,,,0,20,,935,12,,,0,817,,939,12,,,0,159,,940,11,,,0,31,,943,11,,,0,153,,941,11,,,0,141,,944,11,,,0,104,,942,12,,,0
401,'Semaine-02',708,,945,3,,,0,818,,946,3,,,0,90,,947,3,,,0,30,,948,3,,,0,75,,949,3,,,0,35,,950,3,,,0,99,,951,3,,,0,90,,957,3,,,0,175,,952,3,,,0,100,,958,3,,,0,105,,953,3,,,0
500,'Semaine-02',624,,959,7,,,0,82,,960,7,,,0,22,,961,7,,,0,30,,962,7,,,0,72,,963,7,,,0,25,,964,7,,,0,65,,965,7,,,0,181,,966,7,,,0,250,,967,7,,,0
501,'Semaine-02',945,,968,3,,,0,285,,969,3,,,0,316,,970,3,,,0,60,,971,3,,,0,20,,972,3,,,0,31,,973,3,,,0,69,,974,3,,,0,80,,975,3,,,0,25,,976,3,,,0
