400,'Dimanche-01',808,,465,3,0,6,0,205,,466,3,0,6,0,205,,467,3,0,6,0,325,,468,3,0,6,0,205,,469,3,0,6,0,210,,470,3,0,6,0
400,'Fête-1-01',808,,816,3,0,6,0,205,,817,3,0,6,0,205,,818,3,0,6,0,325,,819,3,0,6,0,205,,820,3,0,6,0,210,,821,3,0,6,0
400,'Samedi-01',808,,477,3,0,6,0,205,,478,3,0,6,0,205,,479,3,0,6,0,325,,480,3,0,6,0,205,,481,3,0,6,0,210,,482,3,0,6,0
400,'Semaine-01',530,,822,3,,,0,95,,823,3,,,0,25,,824,3,,,0,75,,825,3,,,0,20,,826,3,,,0,107,,827,3,0,7,0,261,,828,3,0,7,0,221,,829,3,0,7,0,225,,830,3,,,0,161,,831,2,,,0,38,,834,2,,,0,150,,832,2,,,0,143,,835,2,,,0,101,,833,3,,,0
400,'Semaine-02',530,,931,3,,,0,95,,932,3,,,0,25,,933,3,,,0,75,,934,3,,,0,20,,935,3,,,0,107,,936,3,0,7,0,261,,937,3,0,7,0,221,,938,3,0,7,0,225,,939,3,,,0,161,,940,2,,,0,38,,943,2,,,0,150,,941,2,,,0,143,,944,2,,,0,101,,942,3,,,0
401,'Dimanche-01',926,,497,6,,,0,205,,498,6,,,0,205,,499,6,,,0,365,,500,6,,,0,205,,501,6,,,0,295,,502,6,,,0
401,'Fête-1-01',926,,836,6,,,0,205,,837,6,,,0,205,,838,6,,,0,365,,839,6,,,0,205,,840,6,,,0,295,,841,6,,,0
401,'Samedi-01',926,,509,6,,,0,205,,510,6,,,0,205,,511,6,,,0,365,,512,6,,,0,205,,513,6,,,0,295,,514,6,,,0
401,'Semaine-01',809,,842,12,,,0,219,,851,9,,,0,221,,852,9,,,0,261,,853,9,,,0,111,,843,12,,,0,94,,844,12,,,0,30,,845,12,,,0,75,,846,12,,,0,35,,847,12,,,0,96,,848,12,,,0,88,,854,12,,,0,175,,849,12,,,0,100,,855,12,,,0,105,,850,12,,,0
401,'Semaine-02',809,,945,12,,,0,219,,954,9,,,0,221,,955,9,,,0,261,,956,9,,,0,111,,946,12,,,0,94,,947,12,,,0,30,,948,12,,,0,75,,949,12,,,0,35,,950,12,,,0,96,,951,12,,,0,88,,957,12,,,0,175,,952,12,,,0,100,,958,12,,,0,105,,953,12,,,0
