100,'Dimanche-01',1147,,404,6,,,0,400,,405,6,,,0,355,,406,6,,,0
100,'Fête-1-01',1147,,769,6,,,0,400,,770,6,,,0,355,,771,6,,,0
100,'Samedi-01',817,,410,6,,,0,300,,411,6,,,0,500,,412,6,,,0,300,,413,6,,,0
100,'Semaine-01',603,,775,6,,,0,39,,776,7,,,0,60,,777,6,,,0,11,,778,6,,,0,17,,774,7,,,0,17,,772,6,,,0,55,,779,7,,,0,25,,780,6,,,0,304,,781,6,,,0,280,,782,6,,,0,303,,783,4,,,0,297,,784,6,,,0
100,'Semaine-02',603,,893,6,,,0,39,,894,7,,,0,60,,895,6,,,0,11,,896,6,,,0,17,,892,7,,,0,17,,890,6,,,0,55,,897,7,,,0,25,,898,6,,,0,304,,899,6,,,0,280,,900,6,,,0,303,,901,4,,,0,297,,902,6,,,0
101,'Dimanche-01',1409,,427,12,0,5,0,400,,428,12,0,5,0,230,,429,12,0,5,0
101,'Fête-1-01',1410,,785,12,0,5,0,400,,786,12,0,5,0,230,,787,12,0,5,0
101,'Samedi-01',1010,,433,12,0,5,0,400,,434,12,0,5,0,400,,435,12,0,5,0,500,,436,12,0,5,0
101,'Semaine-01',740,,789,8,0,5,0,300,,791,12,0,5,0,274,,792,12,0,5,0,242,,793,12,0,5,0,74,,794,12,0,5,0,76,,795,12,0,5,0,20,,788,12,,,0,19,,796,12,0,5,0,61,,797,12,,,0,19,,798,12,0,5,0,25,,799,12,,,0,64,,800,12,0,5,0,245,,801,12,0,5,0
101,'Semaine-02',740,,904,8,0,5,0,300,,906,12,0,5,0,274,,907,12,0,5,0,242,,908,12,0,5,0,74,,909,12,0,5,0,76,,910,12,0,5,0,20,,903,12,,,0,19,,911,12,0,5,0,61,,912,12,,,0,19,,913,12,0,5,0,25,,914,12,,,0,64,,915,12,0,5,0,245,,916,12,0,5,0
