400,'Dimanche-01',816,,465,4,0,6,0,205,,466,4,0,6,0,205,,467,4,0,6,0,325,,468,4,0,6,0,205,,469,4,0,6,0,250,,470,4,0,6,0
400,'Fête-1-01',816,,816,4,0,6,0,205,,817,4,0,6,0,205,,818,4,0,6,0,325,,819,4,0,6,0,205,,820,4,0,6,0,250,,821,4,0,6,0
400,'Samedi-01',816,,477,4,0,6,0,205,,478,4,0,6,0,205,,479,4,0,6,0,325,,480,4,0,6,0,205,,481,4,0,6,0,250,,482,4,0,6,0
400,'Semaine-01',538,,822,4,,,0,96,,823,4,,,0,25,,824,4,,,0,75,,825,4,,,0,20,,826,4,,,0,146,40,827,4,0,7,0,221,,828,4,0,7,0,221,,829,4,0,7,0,267,,830,4,,,0,120,,831,3,,,0,76,,834,3,,,0,112,,832,3,,,0,142,,835,3,,,0,141,40,833,4,,,0
400,'Semaine-02',538,,931,4,,,0,96,,932,4,,,0,25,,933,4,,,0,75,,934,4,,,0,20,,935,4,,,0,146,40,936,4,0,7,0,221,,937,4,0,7,0,221,,938,4,0,7,0,267,,939,4,,,0,120,,940,3,,,0,76,,943,3,,,0,112,,941,3,,,0,142,,944,3,,,0,141,40,942,4,,,0
401,'Dimanche-01',918,,497,5,,,0,205,,498,5,,,0,205,,499,5,,,0,325,,500,5,,,0,205,,501,5,,,0,295,,502,5,,,0
401,'Fête-1-01',918,,836,5,,,0,205,,837,5,,,0,205,,838,5,,,0,325,,839,5,,,0,205,,840,5,,,0,295,,841,5,,,0
401,'Samedi-01',918,,509,5,,,0,205,,510,5,,,0,205,,511,5,,,0,325,,512,5,,,0,205,,513,5,,,0,295,,514,5,,,0
401,'Semaine-01',800,40,842,11,,,0,219,,851,8,,,0,221,,852,8,,,0,261,,853,8,,,0,112,,843,11,,,0,93,,844,11,,,0,30,,845,11,,,0,75,,846,11,,,0,35,,847,11,,,0,96,,848,11,,,0,88,,854,11,,,0,175,,849,11,,,0,100,,855,11,,,0,105,,850,11,,,0
401,'Semaine-02',800,40,945,11,,,0,219,,954,8,,,0,221,,955,8,,,0,261,,956,8,,,0,112,,946,11,,,0,93,,947,11,,,0,30,,948,11,,,0,75,,949,11,,,0,35,,950,11,,,0,96,,951,11,,,0,88,,957,11,,,0,175,,952,11,,,0,100,,958,11,,,0,105,,953,11,,,0
