100,'Dimanche-01',1144,,404,5,,,0,400,,405,5,,,0,315,,406,5,,,0
100,'Fête-1-01',1144,,769,5,,,0,400,,770,5,,,0,315,,771,5,,,0
100,'Samedi-01',814,,410,5,,,0,300,,411,5,,,0,500,,412,5,,,0,300,,413,5,,,0
100,'Semaine-01',559,,775,5,,,0,79,,776,6,,,0,20,,777,5,,,0,51,,778,5,,,0,17,,774,6,,,0,17,,772,5,,,0,15,,779,6,,,0,65,,780,5,,,0,305,,781,5,,,0,280,,782,5,,,0,302,,783,3,,,0,298,,784,5,,,0
100,'Semaine-02',559,,893,5,,,0,79,,894,6,,,0,20,,895,5,,,0,51,,896,5,,,0,17,,892,6,,,0,17,,890,5,,,0,15,,897,6,,,0,65,,898,5,,,0,305,,899,5,,,0,280,,900,5,,,0,302,,901,3,,,0,298,,902,5,,,0
101,'Dimanche-01',1412,,427,13,0,5,0,400,,428,13,0,5,0,230,,429,13,0,5,0
101,'Fête-1-01',1413,,785,13,0,5,0,400,,786,13,0,5,0,230,,787,13,0,5,0
101,'Samedi-01',1013,,433,13,0,5,0,400,,434,13,0,5,0,400,,435,13,0,5,0,500,,436,13,0,5,0
101,'Semaine-01',744,,789,9,0,5,0,300,,791,13,0,5,0,274,,792,13,0,5,0,282,41,793,13,0,5,0,34,,794,13,0,5,0,77,,795,13,0,5,0,19,,788,13,,,0,20,,796,13,0,5,0,60,,797,13,,,0,19,,798,13,0,5,0,24,,799,13,,,0,65,,800,13,0,5,0,286,,801,13,0,5,0
101,'Semaine-02',744,,904,9,0,5,0,300,,906,13,0,5,0,274,,907,13,0,5,0,282,41,908,13,0,5,0,34,,909,13,0,5,0,77,,910,13,0,5,0,19,,903,13,,,0,20,,911,13,0,5,0,60,,912,13,,,0,19,,913,13,0,5,0,24,,914,13,,,0,65,,915,13,0,5,0,286,,916,13,0,5,0
