100,'Dimanche-01',1222,,404,16,,,0,400,,405,16,,,0,315,,406,16,,,0
100,'Fête-1-01',1222,,769,16,,,0,400,,770,16,,,0,315,,771,16,,,0
100,'Samedi-01',852,,410,16,,,0,300,,411,16,,,0,500,,412,16,,,0,300,,413,16,,,0
100,'Semaine-02',641,,893,16,,,0,79,,894,17,,,0,21,,895,16,,,0,11,,896,16,,,0,59,,892,17,,,0,15,,890,16,,,0,15,,897,17,,,0,64,,898,16,,,0,10,2,891,9,,,0,293,,899,16,,,0,240,,900,16,,,0,295,,901,10,,,0,305,,902,16,,,0
101,'Dimanche-01',1334,,427,2,0,5,0,400,,428,2,0,5,0,270,,429,2,0,5,0
101,'Fête-1-01',1335,,785,2,0,5,0,400,,786,2,0,5,0,270,,787,2,0,5,0
101,'Samedi-01',935,,433,2,0,5,0,400,,434,2,0,5,0,400,,435,2,0,5,0,500,,436,2,0,5,0
101,'Semaine-02',711,,904,2,0,5,0,45,,905,2,0,8,0,245,,906,2,0,5,0,235,,907,2,0,5,0,280,,908,2,0,5,0,36,2,909,2,0,5,0,75,2,910,2,0,5,0,19,2,903,2,,,0,60,,911,2,0,5,0,21,2,912,2,,,0,19,,913,2,0,5,0,65,2,914,2,,,0,25,,915,2,0,5,0,285,,916,2,0,5,0
400,'Semaine-02',630,,931,13,,,0,98,,932,13,,,0,28,,933,13,,,0,72,,934,13,,,0,21,,935,13,,,0,856,,939,13,,,0,119,,940,12,,,0,31,,943,12,,,0,153,,941,12,,,0,141,,944,12,,,0,104,,942,13,,,0
401,'Semaine-02',702,,945,2,,,0,818,,946,2,,,0,90,,947,2,,,0,30,,948,2,,,0,75,,949,2,,,0,35,,950,2,,,0,100,,951,2,,,0,90,,957,2,,,0,175,,952,2,,,0,100,,958,2,,,0,105,,953,2,,,0
500,'Semaine-02',630,,959,8,,,0,82,,960,8,,,0,22,,961,8,,,0,70,,962,8,,,0,31,,963,8,,,0,65,40,964,8,,,0,26,,965,8,,,0,180,,966,8,,,0,250,,967,8,,,0
501,'Semaine-02',940,,968,2,,,0,285,,969,2,,,0,316,,970,2,,,0,60,,971,2,,,0,20,,972,2,,,0,30,,973,2,,,0,70,,974,2,,,0,80,,975,2,,,0,25,,976,2,,,0
