100,'Dimanche-01',1135,,404,2,,,0,400,,405,2,,,0,315,,406,2,,,0
100,'Fête-1-01',1135,,769,2,,,0,400,,770,2,,,0,315,,771,2,,,0
100,'Samedi-01',805,,410,2,,,0,300,,411,2,,,0,500,,412,2,,,0,300,,413,2,,,0
100,'Semaine-01',550,,775,2,,,0,80,,776,3,,,0,20,,777,2,,,0,50,41,778,2,,,0,17,,774,3,,,0,18,,772,2,,,0,15,,779,3,,,0,65,,780,2,,,0,305,,781,2,,,0,280,41,782,2,,,0,305,,783,2,,,0,295,41,784,2,,,0
100,'Semaine-02',550,,893,2,,,0,80,,894,3,,,0,20,,895,2,,,0,50,41,896,2,,,0,17,,892,3,,,0,18,,890,2,,,0,15,,897,3,,,0,65,,898,2,,,0,305,,899,2,,,0,280,41,900,2,,,0,305,,901,2,,,0,295,41,902,2,,,0
101,'Dimanche-01',1422,,427,16,0,5,0,400,,428,16,0,5,0,230,,429,16,0,5,0
101,'Fête-1-01',1423,,785,16,0,5,0,400,,786,16,0,5,0,230,,787,16,0,5,0
101,'Samedi-01',1023,,433,16,0,5,0,400,,434,16,0,5,0,400,,435,16,0,5,0,500,,436,16,0,5,0
101,'Semaine-01',753,,789,12,0,5,0,300,,791,16,0,5,0,275,,792,16,0,5,0,282,,793,16,0,5,0,35,,794,16,0,5,0,76,,795,16,0,5,0,19,,788,16,,,0,60,41,796,16,0,5,0,20,,797,16,,,0,18,,798,16,0,5,0,65,,799,16,,,0,25,,800,16,0,5,0,285,,801,16,0,5,0
101,'Semaine-02',753,,904,12,0,5,0,300,,906,16,0,5,0,275,,907,16,0,5,0,282,,908,16,0,5,0,35,,909,16,0,5,0,76,,910,16,0,5,0,19,,903,16,,,0,60,41,911,16,0,5,0,20,,912,16,,,0,18,,913,16,0,5,0,65,,914,16,,,0,25,,915,16,0,5,0,285,,916,16,0,5,0
