400,'Dimanche-01',825,,465,6,0,6,0,205,,466,6,0,6,0,205,,467,6,0,6,0,365,40,468,6,0,6,0,205,,469,6,0,6,0,210,,470,6,0,6,0
400,'Fête-1-01',825,,816,6,0,6,0,205,,817,6,0,6,0,205,,818,6,0,6,0,365,40,819,6,0,6,0,205,,820,6,0,6,0,210,,821,6,0,6,0
400,'Samedi-01',825,,477,6,0,6,0,205,,478,6,0,6,0,205,,479,6,0,6,0,365,40,480,6,0,6,0,205,,481,6,0,6,0,210,,482,6,0,6,0
400,'Semaine-01',546,,822,6,,,0,96,,823,6,,,0,65,,824,6,,,0,35,,825,6,,,0,60,,826,6,,,0,105,,827,6,0,7,0,221,,828,6,0,7,0,221,,829,6,0,7,0,273,,830,6,,,0,120,,831,5,,,0,73,,834,5,,,0,111,,832,5,,,0,180,,835,5,,,0,104,,833,6,,,0
400,'Semaine-02',546,,931,6,,,0,96,,932,6,,,0,65,,933,6,,,0,35,,934,6,,,0,60,,935,6,,,0,105,,936,6,0,7,0,221,,937,6,0,7,0,221,,938,6,0,7,0,273,,939,6,,,0,120,,940,5,,,0,73,,943,5,,,0,111,,941,5,,,0,180,,944,5,,,0,104,,942,6,,,0
401,'Dimanche-01',910,,497,3,,,0,205,,498,3,,,0,205,,499,3,,,0,325,,500,3,,,0,205,,501,3,,,0,295,,502,3,,,0
401,'Fête-1-01',910,,836,3,,,0,205,,837,3,,,0,205,,838,3,,,0,325,,839,3,,,0,205,,840,3,,,0,295,,841,3,,,0
401,'Samedi-01',910,,509,3,,,0,205,,510,3,,,0,205,,511,3,,,0,325,,512,3,,,0,205,,513,3,,,0,295,,514,3,,,0
401,'Semaine-01',748,,842,9,,,0,262,,851,6,,,0,222,,852,6,,,0,221,,853,6,,,0,152,,843,9,,,0,52,,844,9,,,0,70,,845,9,,,0,75,,846,9,,,0,35,,847,9,,,0,97,,848,9,,,0,87,,854,9,,,0,135,,849,9,,,0,100,,855,9,,,0,145,,850,9,,,0
401,'Semaine-02',748,,945,9,,,0,262,,954,6,,,0,222,,955,6,,,0,221,,956,6,,,0,152,,946,9,,,0,52,,947,9,,,0,70,,948,9,,,0,75,,949,9,,,0,35,,950,9,,,0,97,,951,9,,,0,87,,957,9,,,0,135,,952,9,,,0,100,,958,9,,,0,145,,953,9,,,0
