100,'Dimanche-01',1200,40,404,10,,,0,400,40,405,10,,,0,315,,406,10,,,0
100,'Fête-1-01',1200,40,769,10,,,0,400,40,770,10,,,0,315,,771,10,,,0
100,'Samedi-01',830,,410,10,,,0,300,,411,10,,,0,500,,412,10,,,0,300,,413,10,,,0
100,'Semaine-01',616,,775,10,,,0,39,,776,11,,,0,60,,777,10,,,0,12,,778,10,,,0,17,,774,11,,,0,56,41,772,10,,,0,15,,779,11,,,0,25,,780,10,,,0,11,,773,3,,,0,293,,781,10,,,0,280,,782,10,,,0,299,,783,6,,,0,301,,784,10,,,0
100,'Semaine-02',616,,893,10,,,0,39,,894,11,,,0,60,,895,10,,,0,12,,896,10,,,0,17,,892,11,,,0,56,41,890,10,,,0,15,,897,11,,,0,25,,898,10,,,0,11,,891,3,,,0,293,,899,10,,,0,280,,900,10,,,0,299,,901,6,,,0,301,,902,10,,,0
101,'Dimanche-01',1357,,427,8,0,5,0,400,,428,8,0,5,0,270,,429,8,0,5,0
101,'Fête-1-01',1358,,785,8,0,5,0,400,,786,8,0,5,0,270,,787,8,0,5,0
101,'Samedi-01',958,,433,8,0,5,0,400,,434,8,0,5,0,400,,435,8,0,5,0,500,,436,8,0,5,0
101,'Semaine-01',731,,789,6,0,5,0,84,,790,6,0,8,0,212,,791,8,0,5,0,274,,792,8,0,5,0,241,,793,8,0,5,0,75,,794,8,0,5,0,35,,795,8,0,5,0,60,,788,8,,,0,19,,796,8,0,5,0,22,,797,8,,,0,58,,798,8,0,5,0,25,,799,8,,,0,65,,800,8,0,5,0,245,,801,8,0,5,0
101,'Semaine-02',731,,904,6,0,5,0,84,,905,6,0,8,0,212,,906,8,0,5,0,274,,907,8,0,5,0,241,,908,8,0,5,0,75,,909,8,0,5,0,35,,910,8,0,5,0,60,,903,8,,,0,19,,911,8,0,5,0,22,,912,8,,,0,58,,913,8,0,5,0,25,,914,8,,,0,65,,915,8,0,5,0,245,,916,8,0,5,0
